0 -302.796384234 -114.467902404
0 -301.996806296 -113.893135732
0 -301.197228358 -113.318369061
0 -300.39765042 -112.74360239
0 -299.598072481 -112.168835719
0 -298.798494543 -111.594069048
0 -297.998916605 -111.019302377
0 -297.199338666 -110.444535705
0 -296.399760728 -109.869769034
0 -295.60018279 -109.295002363
0 -294.800604852 -108.720235692
0 -294.001026913 -108.145469021
0 -293.201448975 -107.57070235
0 -292.401871037 -106.995935678
0 -291.602293099 -106.421169007
0 -290.80271516 -105.846402336
0 -290.003137222 -105.271635665
0 -289.203559284 -104.696868994
0 -288.403981345 -104.122102323
0 -287.604403407 -103.547335651
0 -286.804825469 -102.97256898
0 -286.005247531 -102.397802309
0 -285.205669592 -101.823035638
0 -284.406091654 -101.248268967
0 -283.606513716 -100.673502296
0 -282.806935777 -100.098735624
0 -282.007357839 -99.5239689533
0 -281.207779901 -98.9492022821
0 -280.408201963 -98.3744356109
0 -279.608624024 -97.7996689398
0 -278.809046086 -97.2249022686
0 -278.009468148 -96.6501355975
0 -277.209890209 -96.0753689263
0 -276.410312271 -95.5006022551
0 -275.610734333 -94.925835584
0 -274.811156395 -94.3510689128
0 -274.011578456 -93.7763022416
0 -273.212000518 -93.2015355705
0 -272.41242258 -92.6267688993
0 -271.612844642 -92.0520022281
0 -270.813266703 -91.477235557
0 -270.013688765 -90.9024688858
0 -269.214110827 -90.3277022146
0 -268.414532888 -89.7529355435
0 -267.61495495 -89.1781688723
0 -266.815377012 -88.6034022012
0 -266.015799074 -88.02863553
0 -265.216221135 -87.4538688588
0 -264.416643197 -86.8791021877
0 -263.617065259 -86.3043355165
0 -262.81748732 -85.7295688453
0 -262.017909382 -85.1548021742
0 -261.218331444 -84.580035503
0 -260.418753506 -84.0052688318
0 -259.619175567 -83.4305021607
0 -258.819597629 -82.8557354895
0 -258.020019691 -82.2809688183
0 -257.220441752 -81.7062021472
0 -256.420863814 -81.131435476
0 -255.621285876 -80.5566688049
0 -254.821707938 -79.9819021337
0 -254.022129999 -79.4071354625
0 -253.222552061 -78.8323687914
0 -252.422974123 -78.2576021202
0 -251.623396185 -77.682835449
0 -250.823818246 -77.1080687779
0 -250.024240308 -76.5333021067
0 -249.22466237 -75.9585354355
0 -248.425084431 -75.3837687644
0 -247.625506493 -74.8090020932
0 -246.825928555 -74.234235422
0 -246.026350617 -73.6594687509
0 -245.226772678 -73.0847020797
0 -244.42719474 -72.5099354086
0 -243.627616802 -71.9351687374
0 -242.828038863 -71.3604020662
0 -242.028460925 -70.7856353951
0 -241.228882987 -70.2108687239
0 -240.429305049 -69.6361020527
0 -239.62972711 -69.0613353816
0 -238.830149172 -68.4865687104
0 -238.030571234 -67.9118020392
0 -237.230993295 -67.3370353681
0 -236.431415357 -66.7622686969
0 -235.631837419 -66.1875020257
0 -234.832259481 -65.6127353546
0 -234.032681542 -65.0379686834
0 -233.233103604 -64.4632020123
0 -232.433525666 -63.8884353411
0 -231.633947728 -63.3136686699
0 -230.834369789 -62.7389019988
0 -230.034791851 -62.1641353276
0 -229.235213913 -61.5893686564
0 -228.435635974 -61.0146019853
0 -227.636058036 -60.4398353141
0 -226.836480098 -59.8650686429
0 -226.03690216 -59.2903019718
0 -225.237324221 -58.7155353006
0 -224.437746283 -58.1407686295
0 -223.638168345 -57.5660019583
0 -222.838590406 -56.9912352871
0 -222.039012468 -56.416468616
0 -221.23943453 -55.8417019448
0 -220.439856592 -55.2669352736
0 -219.640278653 -54.6921686025
0 -218.840700715 -54.1174019313
0 -218.041122777 -53.5426352601
0 -217.241544839 -52.967868589
0 -216.4419669 -52.3931019178
0 -215.642388962 -51.8183352466
0 -214.842811024 -51.2435685755
0 -214.043233085 -50.6688019043
0 -213.243655147 -50.0940352332
0 -212.444077209 -49.519268562
0 -211.644499271 -48.9445018908
0 -210.844921332 -48.3697352197
0 -210.045343394 -47.7949685485
0 -209.245765456 -47.2202018773
0 -208.446187517 -46.6454352062
0 -207.646609579 -46.070668535
0 -206.847031641 -45.4959018638
0 -206.047453703 -44.9211351927
0 -205.247875764 -44.3463685215
0 -204.448297826 -43.7716018503
0 -203.648719888 -43.1968351792
0 -202.849141949 -42.622068508
0 -202.049564011 -42.0473018369
0 -201.249986073 -41.4725351657
0 -200.450408135 -40.8977684945
0 -199.650830196 -40.3230018234
0 -198.851252258 -39.7482351522	
0 -198.05167432 -39.173468481
0 -197.252096382 -38.5987018099
0 -196.452518443 -38.0239351387
0 -195.652940505 -37.4491684675
0 -194.853362567 -36.8744017964
0 -194.053784628 -36.2996351252
0 -193.25420669 -35.724868454
0 -192.454628752 -35.1501017829
0 -191.655050814 -34.5753351117
0 -190.855472875 -34.0005684406
0 -190.055894937 -33.4258017694
0 -189.256316999 -32.8510350982
0 -188.45673906 -32.2762684271
0 -187.657161122 -31.7015017559
0 -186.857583184 -31.1267350847
0 -186.058005246 -30.5519684136
0 -185.258427307 -29.9772017424
0 -184.458849369 -29.4024350712
0 -183.659271431 -28.8276684001
0 -182.859693492 -28.2529017289
0 -182.060115554 -27.6781350578
0 -181.260537616 -27.1033683866
0 -180.460959678 -26.5286017154
0 -179.661381739 -25.9538350443
0 -178.861803801 -25.3790683731
0 -178.062225863 -24.8043017019
0 -177.262647925 -24.2295350308
0 -176.463069986 -23.6547683596
0 -175.663492048 -23.0800016884
0 -174.86391411 -22.5052350173
0 -174.064336171 -21.9304683461
0 -173.264758233 -21.3557016749
0 -172.465180295 -20.7809350038
0 -171.665602357 -20.2061683326
0 -170.866024418 -19.6314016615
0 -170.06644648 -19.0566349903
0 -169.266868542 -18.4818683191
0 -168.467290603 -17.907101648
0 -167.667712665 -17.3323349768
0 -166.868134727 -16.7575683056
0 -166.068556789 -16.1828016345
0 -165.26897885 -15.6080349633
0 -164.469400912 -15.0332682921
0 -163.669822974 -14.458501621
0 -162.870245035 -13.8837349498
0 -162.070667097 -13.3089682786
0 -161.271089159 -12.7342016075
0 -160.471511221 -12.1594349363
0 -159.671933282 -11.5846682652
0 -158.872355344 -11.009901594
0 -158.072777406 -10.4351349228
0 -157.273199468 -9.86036825166
0 -156.473621529 -9.2856015805
0 -155.674043591 -8.71083490933
0 -154.874465653 -8.13606823817
0 -154.074887714 -7.56130156701
0 -153.275309776 -6.98653489584
0 -152.475731838 -6.41176822468
0 -151.6761539 -5.83700155351
0 -150.876575961 -5.26223488235
0 -150.076998023 -4.68746821118
0 -149.277420085 -4.11270154002
0 -148.477842146 -3.53793486886
0 -147.678264208 -2.96316819769
0 -146.87868627 -2.38840152653
0 -146.079108332 -1.81363485536
0 -145.279530393 -1.2388681842
0 -144.479952455 -0.664101513036
0 -143.680374517 -0.0893348418714
